11.943467s, 0.359, 0.396, 0.376, 0.048, 0.272
11.392079s, 0.351, 0.404, 0.376, 0.031, 0.264
8.612020s, 0.356, 0.396, 0.375, 0.042, 0.268
10.915439s, 0.357, 0.401, 0.377, 0.044, 0.271
12.091259s, 0.354, 0.389, 0.370, 0.056, 0.267
8.317838s, 0.350, 0.391, 0.370, 0.044, 0.263
11.342960s, 0.348, 0.388, 0.367, 0.042, 0.260
13.011479s, 0.360, 0.399, 0.379, 0.049, 0.274
12.798590s, 0.362, 0.409, 0.384, 0.046, 0.278
10.608210s, 0.358, 0.403, 0.379, 0.039, 0.271
10.725324s, 0.363, 0.407, 0.384, 0.045, 0.277
8.577670s, 0.365, 0.407, 0.385, 0.050, 0.279
7.717634s, 0.365, 0.414, 0.388, 0.041, 0.279
8.649629s, 0.355, 0.392, 0.372, 0.044, 0.266
8.956369s, 0.352, 0.392, 0.371, 0.041, 0.264
8.190815s, 0.357, 0.392, 0.374, 0.050, 0.269
11.907668s, 0.353, 0.399, 0.375, 0.038, 0.265
9.740877s, 0.361, 0.399, 0.379, 0.051, 0.274
11.052518s, 0.346, 0.386, 0.365, 0.039, 0.258
9.908032s, 0.359, 0.395, 0.376, 0.052, 0.272
9.926153s, 0.339, 0.377, 0.357, 0.037, 0.249
14.290344s, 0.364, 0.409, 0.385, 0.048, 0.279
11.256966s, 0.357, 0.396, 0.375, 0.047, 0.270,
